Port opened at 8/15/2014 9:47:14 AM
MA 014 038 004608 58844 -7.751389 109.587524 000009 116 19.21
MA 014 038 004611 58826 -7.751349 109.587493 000009 116 21.45
MA 014 038 004613 58816 -7.751307 109.587448 000009 116 23.24
48 000009 116 23.24
MA 014 038 004616 58797 -7.751266 109.587402 000009 116 24.89
16 25.72
MA 014 038 004618 58785 -7.751221 109.587356 000009 116 25.72
MA 014 038 004618 58758 -7.751176 109.587310 000009 116 24.98
MA 014 038 004621 58758 -7.751176 109.587310 000009 116 24.98
MA 014 038 004624 58734 -7.751130 109.587272 000009 116 23.50
0009 116 15.95
MA 014 038 004652 58523 -7.750739 109.586914 000009 116 27.28

6479 00253 109.586433 000009 116 25.21
MA 014 038 004692 58231 -7.750164 109.586387 000009 116 26.34
MA 014 038 004701 58174 -7.750061 109.586296 000009 116 27.28

MA 014 038 004709 58079 -7.749955 109.586212 0000109.586166 000009 116 26.50
MA 014 038 004714 58041 -7.749856 109.586120 000009 116 26.02
MA 014 038 004719 58013 -7.749810 109.586074 000009 116 26.19
MA 014 038 004724 57990 -7.749810 109.586074 000009 116 26.19
MA 014 038 004728 57985 -7.749762 109.586029 000009 116 27.21
.21
MA 014 038 004733 57930 -7.749711 109.585983 000009 116 28.47
MA 014 038 004737 57914 -7.749659 109.585929 000009 116 30.00
MA 014 038 004741 57875 -7.749601 109.585876 000009 116 31.48
MA 014 038 004749 57828 -7.749474 109.585769 000009 116 33.72
-7.749406 109.585723 000009 116 33.93
MA 014 038 004761 57744 -7.749270 109.585624 000009 116 32.43
MA 014 038 004764 57732 -7.749204 109.585586 000009 116 31.30
MA 014 038 004764 57701 -7.749204 109.585548 000009 116 29.82
MA 014 038 004768 57681 -7.749139 109.585548 000009 116 29.82
MA 014 038 004768 57660 -7.749076 109.585502 000009 116 29.26
MA 014 038 004772 57648 -7.749076 109.585502 000009 116 29.26
MA 014 038 004775 57622 -7.749015 109.585472 000009 116 28.39
4775 57619 -7.749015 109.585472 000009 116 28.39
MA 013 038 004778 57612 -7.748953 109.585426 00MA 013 038 004781 57625 -7.748891 109.585388 000009 116 30.26
MA 013 038 004781 57615 -7.748891 109.585388 000009 116 30.26
MA 013 038 004783 57598 -7.MA 013 038 0009 117 33.06
09.585235 000009 117 34.65
MA 013 038 004788 57579 -7.748693 109.585235 000009 117 MA 014 038 004788 57562 -7.748625 109.585182 000009 117 35.48
MA 013 038 004793 57488 -7.748558 109.585121 000009 117 35.54
MA 013 038 004796 57470 -7.748494 109.585060 000009 117 34.69
MA 013 038 004796 57466 -7.748494 109.585060 000009 117 34.69
MA 013 038 004799 57454 -7.748433 109.584999 000009 117 33.39
MA 013 038 004799 57453 -7.748433 109.584999 000009 117 33.39
MA 013 038 004802 57445 -7.748375 109.584945 000009 117 30.82
MA 013 038 004802 57440 -7.748322 109.584892 000009 117 28.2MA 013 038 004804 57449 -7.748322 109.584892 000009 117 28.28
MA 013 038 004804 57449 -7.748274 109.584846 000009 117 25.58
MA 013 038 004812 57404 -7.748187 109.584770 000009 117 22.5MA 013 038 004812 57398 -7.748187 109.584770 000009MA 013 038 004815 57366 -7.748145 109.584732 000009 117 22.82
MA 013 038 004817 57366 -7.748100 109.584686 000009 117 24.26
MA 048052 109.584640 000009 117 26.39

09 117 29.22
MA 013 038 004831 57263 -7.747819 109.584411 000009 117 36.15
MA 013 038 004834 57229 -7.747754 109.584350 000009 117 37.15
17 36.13
.747621 109.584220 000009 117 36.13
MA 013 038 004842 57199 -7.747556 109.584159 0000MA 013 038 004844 57185 -7.747491 109.584106 000009 117 34.37
0
MA 013 038 004851 57123 -7.747302 109.583953 000009 117 31.06
MA 013 038 004856 57079 -7.747177 109.583862 000010 117 30.00
MA 013 038 004858 57073 -7.747114 109.583824 000010 117 30.13
10 117 31.21
MA 013 038 004864 57014 -7.746912 109.583663 000010 117 32.87
MA 013 038 004866 57008 -7.746839 109.583663 000010 117 32.87
MA 013 038 004876 56954 -7.746542 109.583511 000010 117 31.85
MA 013 038 004878 56923 -7.746476 109.583473 000010 117 30.43
MA 013 038 004880 56909 -7.746413 109.583435 000010 117 28.85
MA 013 038 004883 56879 -7.746355 109.583396 000010 117 27.48
MA 013 038 004885 56866 -7.746303 109.583358 000010 117 25.67
0010 117 25.67
MA 013 038 004892 56795 -7.746150 109.583244 000010 117 25.69
MA 013 038 004892 56791 -7.746150 109.583244 000010 117 25.69
MA 013 038 004895 56796 -7.746034 109.583168 000010 117 29.67

MA 013 038 004903 56754 -7.745903 109.583076 000010 117 32.72
MA 013 038 004909 56709 -7.745693 109.582931 000010 118 32.34
MA 013 038 004909 56706 -7.745627 109.582885 000010 118 30.17
MA 013 038 004912 56689 -7.745627 109.582885 000010 118 30.17
MA 013 038 004912 56681 -7.745565 109.582847 000010 118 27.82
MA 013 038 004914 56674 -7.745565 109.582847 000010 118 27.82
MA 013 038 004919 56640 -7.745447 109.582786 000010 118 25.91
MA 013 038 004929 56578 -7.745177 109.582664 000010 118 34.67
MA 013 038 00493MA 013 038 004942 56474 -7.744673 109.582366 000010 118 35.89
8 56441 -7.744520 109.582298 000010 118 31.67
MA 013 038 004955 56371 -7.744223 109.582214 000010 118 31.41
MA 012 039 004966 56302 -7.743998 109.582099 000010 118 34.30

MA 013 038 004968 56280 -7.743925 109.582054 000010 118 34.74
MA 013MA 012 039 004986 56175 -7.743321 109.581703 000010 118 37.73
 109.58MA 012 039 005002 56062 -7.742742 109.581359 0000MA 013 038 005010 56014 -7.742404 109.581184 000010 119 38.61
MA 012 039 005021 55925 -7.741982 109.580993 000010 119 33.84
MA 012 039 005028 MA 012 039 005055 55692 -7.740941 109.580322 000010 119 36.58
9.MA 012 039 005081 55514 -7.740139 109.579925 000010 120 42.04
MA 012 039 005084 55488 -7.740045 109.579887 000010 120 40.58
 000010 120 32.91
00 -7.739661 109.579696 000010 120 30.63
MA 012 039 005101 55386 -7.739592 109.579658 000010 120 31.80
MA 012 039 005104 55360 -7.739519 109.579612 000010 120 34.15
MA 012 039 005111 55303 -7.739349 109.579521 000010 120 41.17
MA 012 039 005111 55295 -7.739349 109.579521 000010 120 41.17
MA 012 039 005117 55254 -7.739155 109.579421 000010 120 45.49
MA 012 039 005123 55214 -7.738954 109.579315 000010 120 44.23
MA 012 039 005126 55199 -7.738858 109.579269 000010 120 41.50
193 000010 120 35.67
MA 012 039 005132 55158 -7.738683 109.579162 000010 120 33.15
MA 012 038 005135 55149 -7.738604 109.579162 000010 120 33.15
MA 012 039 005138 55133 -7.738528 109.579132 000010 120 31.80
456 109.579093 000010 120 32.00
 32.00
MA 012 039 005144 55097 -7.738385 109.579055 000010 120 33.17

MA 012 039 005158 54990 -7.737998 109.578750 000011 120 42.91
MA 012 039 005167 54923 -7.737714 109.578582 000011 120 43.82
MA 012 039 005167 54908 -7.737714 109.578582 000011 120 43.82
544 000011 120 42.74
MA 012 038 005170 54892 -7.737516 109.578506 000011 121 42.23
MA 012 038 005177 54860 -7.737324 109.578422 000011 121 41.08
MA 012 038 005177 54845 -7.737324 109.578422 000011 121 41.08
MA 012 039 005180 54848 -7.737231 109.578384 000011 121 41.32
MA 012 038 005184 54798 -7.736961 109.578224 000011 121 41.67
MA 012 038 005187 54792 -7.736961 109.578224 000011 121 41.67
MA 012 039 005197 54738 -7.736615 109.578041 000011 121 36.04
MA 012 038 005205 54675 -7.736371 109.577957 000011 121 33.39
MA 012 039 005207 54657 -7.736293 109.577926 000011 121 33.58
MA 012 038 005212 54621 -7.736139 109.577842 000011 121 35.74
79 -7.735988 109.577735 000011 121 38.23
525 -7.735762 109.577560 000011 121 37.28
MA 012 038 005225 54540 -7.735762 109.577560 000011 121 37.28
MA 011 039 005227 54544 -7.735685 109.577507 000011 121 36.37
MA 012 039 005227 54533 -7.735685 109.577507 000011 121 36.37
005231 54487 -7.735526 109.577415 00495 -7.735443 109.577369 000011 121 37.35
MA 012 038 005233 54492 -7.735443 109.577369 000011 121 37.35
MA 011 038 005233 54476 -7.735356 109.577331 000011 121 38.47
MA 012 039 005240 54446 -7.735181MA 011 038 005240 54437 -7.735181 109.577239 000011 121 39.74
MA 012 038 005244 54394 -7.735008 109.577095 000011 121 38.43
MA 011 039 005247 54378 -7.734840 109.577049 MA 012 038 005249 54384 -7.734840 109.577049 000011 121 36.71
MA 012 038 005251 54358 -7.734759 109.577011 000011 121 34.93
MA 011 038 005253 54352MMA 011 038 005261 54279 -MA 011 039 005264 54266 -7.734360 109.576858 0.733945 109.576538 000011 122 32.93
11 122 32.02
Port opened at 8/15/2014 9:53:09 AM
MA 012 041 005685 51471 -7.730522 109.572174 000012 122 19.59
MA 011 039 005695 51406 -7.730556 109.571998 000012 122 16.58
MA 012 041 005710 51293 -7.730592 109.571899 000012 122 10.70
1 -7.730544 109.571746 000012 122 05.98
7.730496 109.571739 000012 122 06.63
MA 012 041 005769 50913 -7.730481 109.571731 000012 122 06.48
MA 012 041 005773 50877 -7.730455 109.571723 000012 122 05.56
12 041 005778 50861 -7.730455 109.571723 000012 122 05.56
MA 012 041 005786 50800 -7.730435 109.571708 000012 122 04.09
MA 012 041 005789 50782 -7.730429 109.571701 000012 122 02.91
MA 012 041 005789 50760 -7.730429 109.571701 000012 122 02.91
MA 012 041 005793 50781 -7.730424 109.571701 000012 122 02.37
MA 012 041 005798 50738 -7.730420 109.571701 000012 122 00.74
MA 012 9.571701 000012 122 00.50
MA 012 041 005801 50719 -7.730MA 012 041 005804 50717 -7.730418 109.571701 000012 122 00.85
 005807 50686 -7.730416 109.571693 000012 122 01.67
MA 012 041 005916 49986 -7.7MA 010 041 006152 48506 -7.730530 109.570274 000012 121 09.17
MA 010MA 010 041 006157
236 000012 121 10.78
MA 010 041 006162 48432 -7.730569 109.570236 000012 121 10.78
MA 010 041 006167 48406 -7.730582 109.570213 000012 121 11.50
MA 010 041 006173 48370 -7.730592 109.570182 000012 121 11.19
MA 010 041 006178 48332 -7.730600 109.570159 000012 121 10.46
MA 010 063 -7.730614 109.570091 000012 121 08.63
MA MA 009 041 006263 47831 -7.730780 109.570098 000012 121 03.52
MA 009 041 006269 47787 -7.730793 109.570098 000012 121 02.35
MA 009 041 0062MA 009 041 006288 47660 -7.730844 109.569992 000012 121 11.17
MA 009 041 0012 121 14.46
MA 010 042 006357 472 000012 121 12.50
0012 121 12.52
MA 009 042 006465 46576 -752
MA 009 042 006473 46537 -7.730970 109.568397 000012 121 18.89
MA 008 04856 000MA 008 042 006600 45795 -7.731308 109.566825 000012 120MA 008 043 006610 45715 -7.731365 109.566757 000012 120 11.61
MA 008 043 006615 45687 -7.731365 109.566757 000012 120 11.61
MA 008 043 006615 45679 -7.731390 109.566741 000012 120 11.19
MA 008 042 006629 45623 -7.731441 109.566726 000012 120 09.85
9.85
MA 008 043 006643 45507 -7.731496 109.566703 000012 120 03.98
MA 008 043 006648 45491 -7.731496 109.566703 000012 120 03.98
MA 008 042 006652 45462 -7.731496 109.566688 000012 120 03.93
MA 008 042 00MA 008 042 006661 45428 -7.731483 109.566665 000012 120 06.07

MA 008 042 006661 45417 -7.731483 109.566665 000012 120 06.07
MA 008 042 006665 45399 -7.731472 109.566658 000012 120 06.69
MA 008 042 006669 45376 -7.731460 109.566642 000012 120 06.87
MA 007 042 006674 45340 -7.731448 109.566635 000012 120 06.67
MA 008 042 006678 45303 -7.731438 109.566619 000012 120 06.43
MA 008 042 006683 45288 -7.731431 109.566604 000012 120 06.20
MA 007 042 006687 45264 -7.731425 109.
MA 007 042 006695 45223 -7.731416 109.566558 000012 120 06.19
MA 007 042 006698 45199 -7.731399 109.566528 000012 120 07.57
MA 007 042 006703 45192 -7.731387 109.566513 000012 120 08.43
7 45157 -7.731374 109.566490 000012 120 09.45
566490 000012 120 09.45
MA 007 042 006710 45144 -7.731363 109.566467 000012 120 09.63

MA 007 042 006710 45133 -7.731363 109.566467 000012 120 09.63
MA 007 042 006717 45092 -7.731348 109.566406 000012 120 06.91
MA 007 042 006720 45087 -7.731348 109.566406 000012 120 06.91

MA 007 042 006737 44971 -7.731389 109.566398 000012 120 04.74
MA 007 042 006737 44958 -7.731401 109.5663000012 120 05.06
MA 007 042 006745 44917 -7.731412 109.566398 000012 120 04.56
MA 007 042 006750 44906 -7.731424 109.566398 000012 120 04.67
98 000012 120 04.67
MA 007 042 006755 44855 -7.731435 109.566390 000012 120 05.52
MA 007 042 006755 44844 -7.731435 109.566390 000012 120 05.52
MA 007 042 006763 44800 -7.731464 109.566368 000012 120 08.76
352 000012 120 09.93
MA 007 042 006768 44797 -7.731482 109.566352 000012 120 09.93
MA 007 042 006776 44742 -7.731523 109.566314 000012 120 11.24
MA 007 042 006779 44740 -7.731545 109.566299 000012 120 11.46
MA 007 042 006779 4472MA 007 042 006792 44656 -7.731640 109.566246 000012 120 0MA 007 042 006825 44439 -7.731667 1MA 007 042 006835 44413 -7.731647 109.566024 000012 120 05.17
.731647 109.566017 000012 120 02.70
1
109.566032 000012 120 03.50
 44261 -7.731639 109.566032 000012 120 03.50
MA 007 042 006861 44248 -7.731643 109.566040 000012 120 02.82
MA 007 042 006861 44204 -7.731643 109.566040 000012 120 02.82
MA 007 042 006867 44176 -7.731649 109.566047 000012 120 03.37
MA 007 042 006872 44167 -7.731656 109.566047 000012 120 02.78

MA 007 042 006872 44169 -7.731664 109.566040 000012 120 04.11
MA 007 042 006878 44141 -7.731664 109.566040 000012 12MA 007 042 006898 44011 -7.731710 109.565994 000012 120 07.61
MA 006 043 0012 120 09.39
MA 006 043 006958 43699 -7.731607 109.566177 000012 120 07.33
MA 006 043 006961 43677 -7.731595 109.566192 000012 120 07.59
MA 006 043 006968 43636 -7.731574 109.566230 000012 120 08.82
 109.566230 000012 120 08.82

MA 006 043 006972 43614 -7.731564 109.56MA 006 043 006975 43598 -7.731554 109.566268 000012 120 09.63

MA 006 043 006975 43591 -7.731554 109.566268 000012 120 09.63
MA 006 043 006978 43563 -7.731526 109.566314 000012 120 10.43
MA 006 043 006981 43549 -7.731526 109.566314 000012 120 10.43
12 120 10.22
MA 006 043 006987 43526 -7.731492 109.566352 000012 120 09.82
MA 006 043 006987 43529 -7.731492 109.566352 000012 120 09.82
MA 006 09.566368 000012 120 08.54
MA 006 043 0069908.54
MA 006 043 006993 43499 -7.731465 109.566383 000012 120 07.61
MA 006 043 006999 43466 -7.731452 109.566413 000012 120 07.28
MA 006 043 006999 43469 -7.731451 109.566436 000012 120 08.50
MA 005 043 007001 43457 -7.731451 109.566436 000012 120 08.50
9.566482 000012 120 10.28
MA 005 043 007056 43142 -7.731181 109.566810 000012 120 09.48
MA 005 043 007058 43134 -7.731155 109.566810 000012 120 09.96
MA 005 043 007067 43076 -7.731084 109.566841 000012 120 10.65
MA 005 043 007070 43065 -7.731068 109.566864 000012 120 10.89
MA 005 043 007076 43037 -7.731053 109.5669MA 005 043 007076 430000012 120 09.46
MA 005 043 007079 43013 -7.731054 109.566940 000012 120 09.46
MA 005 043 007085 42977 -7.731062 109.566970 000012 120 04.30
5 109.566970 000012 120 01.43

MA 005 043 007089 42954 -7.731065 109.566970 000012 12MA 005 043 007092 42937 -7.731063 109.566970 000012 120 01.19
MA 005 043 007096 42889 -7.731057 109.566970 000012 120 02.70
MA 005 043 007101 4286MA 005 043 007101 42867 -7.731050 109.566970 000012 120 03.28
MA 005 043 007105 42869 -7.731040 109.566978 000012 120 04.63
MA 005 043 007105 42859 -7.731040 109.566993 000012 120 05.80
MA 005 043 007109 42820 -7.731031 109.566993 000012 120 05.80
MA 005 043 007118 42789 -7.731016 109.567024 000012 120 MA 005 043 007126 4275MA 005 043 007126 42739 -7.730997 109.567047 000012 120 06.89
MA 005 043 007130 42715 -7.730981 109.567054 000012 120 07.74

MA 005 043 007181 42421 -7.730598 109.567222 000012 121 14.39

MA 005 043 0012 121 13.78
MA 005 043 007187 42382 -7.730579 109.567253 000012 121 13.78
MA 005 043 007192 42377 -7.730563 109.567283 000012 121 11.93
MA 005 043 007198 42333 -7.730545 109.567306 000012 121 11.37
MA 005 043 007198 42321 -7.730528 109.567321 000012 121 09.00
95 -7.730528 109.567321 000012 121 09.00
MA 004 043 007209 42265 -7.730509 109.567329 000012 121 09.02
MA 004 044 007209 42249 -7.730509 109.567329 000012 121 09.02
MA 004 044 007213 42266 -7.730486 109.567337 000012 121 09.78
MA 004 044 007213 42232 -7.730486 109.567337 000012 121 09.78
MA 004 043 007218 42223 -7.730459 109.567344 000012 121 11.22
MA 005 043 007218 42220 -7.730459 109.567344 000MA 005 043 007223 42206 -7.730428 109.567344 000012 121 12.58
MA 004 043 007228 42157 -7.730367 109.567352 000012 121 13.20
MA 004 044 007232 42134 -7.730336 109.567375 000012 121 15.06
MA 004 044 007249 42046 -7.730242 109.56MA 004 043 007270 41937 -7.730009 109.567733 000012 121 26.50
MA 004 043 007274 41938 -7.729947 109.567756 000012 121 26.35
MA 004 043 007274 4191MA 004 043 007279 41885 -7.729883 109.567787 000012 121 25.65
MA 004 044 007283 41873 -7.729820 109.567787 000012 121 25.65
MA 004 043 007283 41851 -7.729758 109.567802 000012 121 25.09
MA 004 04802 000012 121 25.09
MA 004 043 007292 41818 -7.729698 109.567817 000012 121 24.84
MA 004 043 007292 41793 -7.729698 109.567817 000012 121 24.84
MA 004 044 007297 41772 -7.729640 109.567832 000012 121 24.35

MA 004 043 007302 41736 -7.729586 109.567863 000012 121 25.24
MA 004 043 007302 41729 -7.729586 109.567863 000012 121 25.24
6 -7.729532 109.567901 000012 121 25.85
MA 004 043 007307 41706 -7.729532 109.567901 000012 121 25.85
MA 004 043 007312 41709 -7.729480 109.567939 000012 121 26.59
MA 003 043 007317 41669 -7.729428 109.567985 000012 121 27.02
MA 004 043 007317 41663 -7.729375 109.568023 000012 121 26.52
 000012 121 26.52
 26.02
MA 003 043 007328 41596 -7.729321 109.568061 000012 121 26.02
MA 003 043 007339 41530 -7.729208 109.568115 000012 121 24.80
000012 121 24.37
MA 003 043 007349 41480 -7.729091 109.568138 000012 122 23.58
MA 003 043 007360 41453 -7.728982 109.568138 000012 122 19.72
MA 003 043 007360 41436 -7.728982 109.568138 000012 122 19.72
MA 003 043 007365 41428 -7.728938 109.568145 000012 122 17.13
MA 003 043 007370 41400 -7.728899 109.568161 000012 122 16.08
MA 003 043 007370 41386 -7.728899 109.568161 000012 122 16.08
MA 003 043 007374 41361 -7.728865 109.568176 000012 122 15.65
MA 003 043 007379 41344 -7.728835 109.568206 000012 122 16.61
07387 41308 -7.728781 109.568283 000012 122 18.37
MA 003 043 007387 41293 -7.728781 109.568283 000012 122 18.37
MA 003 043 007395 41242 -7.728727 109.568351 000012 122 17.59
 109.568382 000012 122 16.37
MA 003 043 007402 41234 -7.728668 109.568405 0000MA 003 043 007402 41230 -7.728636 109.568428 000012 122 15.22
MA 003 043 007405 41212 -7.728604 109.568443 000012 122 14.74

MA 003 043 007418 41148 -7.728510 109.568504 000012 122 14.72
043 007418 41133 -7.728510 109.568504 000012 122 14.72
MA 003 043 007421 41125 -7.728480 109.568527 000012 122 15.45

MA 002 044 007585 40241 -7.727831 109.568847 000012 122 01.24
MA 001 044 007671 39794 -7.727789 109.568878 000012 122 07.76
MA 001 044 007718 39518 -7.727833 109.568534 000012 122 05.94
7 000012 122 02.56
MA 001 044 007744 39399 -7.727790 109.568542 000012 122 04.43
MA 001 044 007744 39386 -7.727790 109.568542 000MA 001 044 007749 39357 -7.727781 109.568557 000012 122 06.74
MA 001 044 007749 39335 -7.727769 109.568565 000012 122 05.76
MA 001 044 007754 39314 -7.727769 109.568565 000012 122 05.76
MA 001 044 007759 39273 -7.727755 109.568565 000012 122 06.04
MA 001 043 007765 39290 -7.7277422 06.19
MA 001 044 007765 39268 -7.727740 109.568572 000012 122 06.19
MA 001 044 007770 39241 -7.727725 109.568572 000012 122 06.28
MA 001 044 007781 39202 -7.727699 109.568557 000012 122 04.78
MA 001 044 007781 39184 -7.727699 109.568557 000012 122 02.89

MA 001 044 007787 39164 -7.727691 109.568557 000012 12MA 001 044 007793 39128 -7.727688 109.568557 000012 122 01.24
MA 001 044 007798 39120 -7.727690 109.568565 000012 122 03.28
MA 001 044 007812 39044 -7.727699 109.568618 000012 122 10.26
MA 001 043 007812 39023 -7.727699 109.568649 000MA 001 044 007817 39020 -7.727696 109.568649 000012 122 12.48
MA 001 044 007821 38990 -7.727688 109.568679 000012 122 13.96
MA 001 043 007829 38955 -7.727652 109.568748 000012 122 MA 001 044 007836 38923 -7.727598 109.568801 000012 122 14.98
MA 001 044 007MA 001 044 007843 38879 -7.727543 109.568840 000012 122 13.33
MA 001 044 007843 38878 -7.727519 109.568862 000012 122 11.91
MA 001 043 007845 38872 -7.727519 109.568862 000012 122 11.91
MA 001 043 007847 38859 -7.727499 109.568878 000012 122 10.95
MA 001 044 007849 38857 -7.727483 109.568901 000012 12MA 001 044 007852 38836 -7.727469 109.568923 000012 122 10.54
MA 001 044 007852 38827 -7.727469 109.568923 000012 122 10.54
MA 001 043 007854 3962 000012 122 07.95
MA 001 043 007859 38807 -7.727435 109.568977 000012 122 06.78
MA 001 043 007862 38782 -7.727424 109.568984 000012 122 05.52
MA 001 043 007862 38754 -7.727424 109.568984 000012 122 05.52
MA 001 043 007869 38712 -7.727396 109.568984 000MA 001 043 007872 38700 -7.727393 109.568977 000012 122 01.91
000012 122 01.11
MA 001 043 007877 38678 -7.727396 109.568969 000012 122 01.43
MA 001 043 007879 38665 -7.727402 109.568977 000012 122 02.57
 001 043 007887 38647 -7.727412 109.568984 000012 122 01.59
 -7.727410 109.568992 000012 122 01.67
MA 001 043 007889 38635 -7.727410 109.568992 000012 122 01.67
MA 001 044 007889 38645 -7.727406 109.568992 000012 122 02.41
MA 001 043 007892 38600 -7.727406 109.568992 000012 122 02.41
MA 001 043 007895 38617 -7.7273MA 001 044 007898 38592 -7.727384 109.568984 000012 122 05.80
MA 001 044 007901 38583 -7.727368 109.568992 000012 122 06.61
MA 001 044 007901 38573 -7.727368 109.568992 000012 122 06.61
MA 001 043 007904 38568 -7.727351 109.569000 000012 122 07.89
MA 001 044 007904 38553 -7.727351 109.569007 000012 122 09.06
2 123 10.96
MA 001 043 007913 38515 -7.727300 109.569053 000012 123 11.37
5
MA 001 043 007915 38494 -7.727287 109.569076 000012 123 11.45
MA 001 044 007918 38486 -7.727277 109.569099 000012 123 09.82
MA 001 043 007921 38483 -7.727267 109.569122 000012 123 07.37
MA 0023 03.78

MA 001 043 007926 38450 -7.727260 109.569129 000012 123 00.83
MA 001 043 007931 38426 -7.727258 109.569122 000012 123 03.54
MA 001 044 007933 38411 -7.727256 109.569114 000012 123 03.91
99 000012 123 05.72

MA 001 043 007941 38380 -7.727221 109.569099 000012 123 07.09
23 09.61
MA 001 044 007950 38333 -7.727123 109.569122 000012 123 09.28
MA 001 044 007950 38317 -7.727123 109.569122 000012 123 09.28
MA 001 043 007970 38209 -7.727064 1MA 001 043 007993 38090 -7.727041 109.569297 00MA 0018 000012 123 06.52
MA 001 043 008131 37417 -7.727185 109.569664 000012 123 06.74
MA 001 043 008131 37390 -7.727185 109.569664 000012 123 06.74
MA 001 043 008139 37353 -7.727164 109.569694 00MA 001 043 008155 37285 -7.727170 109.569732 000012 123 07.24
MA 001 043 008159 37259 -7.727181 109.569755 000012 123 09.30
727197 109.569793 MA 001 044 008MA 001 044 008167 37208 -7.727242 109.569808 000012 123 11.46
MA 001 043 008171 37178 -7.727242 109.569808 000012 123 11.46
MA 001 044 008184 37126 -7.727317 109.569801 000012 123 09.48
MA 001 044 008189 37116 -7.727334 109.569786 000012 123 08.78
MA 001 044 008189 37102 -7.727334 109.569786 000012 123 08.78
MA 001 09.569770 000012 123 08.82

69747 000012 123 08.46
MA 001 043 008205 37015 -7.727351 109.569732 000012 123 07.91
MA 001 56 000012 123 06.74
MA 001 05.96
000012 122 06.89
.727550 109.569259 000012 122 13.MA 00 109.569114 000012 122 16.74
MA 001 046 008357 36260 -7MA 001 044 008362 36236 -7.727669 109.569091 00001MA 001 046 008367 36200 -7.727705 109.569068 000012 122 16.24
MA 001 045 008372MA 001 046 008377 36172 -7.727781 109.569038 000012 122 16.52
MA 001 09.568992 000012 122 15.78
76 -7.728177 109.568695 000012 122 03.93
 -7.728181 109.568687 000012 122 03.17
MA 001 045 008464 35743 -7.728181 109.568687 00MA 001 045 008468 35709 -7.728186 109.568679 000012 122 04.50
MA 001 045 008472 35718 -7.728197 109.568664 000012 122 07.26
MA 001 046 008476 35706 -7.728216 109.80
MA 001 046 008480 35682 -7.728246 109.568634 000012 122 14.30
MA 001 046 008484 35663 -7.728282 109.568611 000012 122 16.74
7.728322 109.568595 000012 122 17.74
5 008563 35273 -7.728571 109.568MA 001 046 008575 35215 -7.728626 109.567901 000012 122 19.58
1 -7.728631 109.567848 000012 122 20.43

2 122 20.69

28661 109.567527 000012 122 13.59
MA 001 045 008607 35072 -7.728687 109.567504 000012 122 13.48
MA 001 045 008611 35035 -7.728718 109.567489 000012 121 14.59
MA 001 045 008619 34974 -7.728792 109.567443 000012 121 16.71
MA 001 04520 000012 121 16.98
MA 001 045 008629 34952 -7.728864 109.567420 000012 121 16.98
MA 001 045 008635 34939 -7.728896 109.567390 000012 121 17.46
MA 001 045 008635 34918 -7.728896 109.567390 000012 121 17.46
.567192 000012 121 22.04
MA 001 045 008661 33977 -7.9.567192 000012 121 22.04
04
MA 001 045 008661 33872 -7.729053 109.567192 000012 121 22.04
21 22.04
MA 001 045 008661 33830 -7.729053 109.567192 000012 121 22.04
MA 001 045 0012 121 22.04
0012 121 22.04
MA 001 045 008661 33710 -7.729053 109.567192 000012 121 22.04
MA 001 045 008661 33711 -7.729053 109.567192 000012 121 22.04
MA 001 045 008661 33729 -7.729053 109.567192 000012 121 22.04MA 001 045 008661 33677 -7.729053 109.567192 000012 121 22.04
MA 001 045 008661 33673 -7.729053 109.567192 000012 121 22.04
MA 001 045 008661 33661 -7.729053 109.567192 000012 121 22.04
008661 33647 -7.729053 109.567192 00109.567192 000012 121 22.04
.04
MA 001 045 008661 33614 -7.729053 109.567192 000012 121 22.04
67192 000MA 001 045 008661 33233 -7.729053 109.567192 000012 121 22.04
MA 001 045 008661 33185 -7.729053 109.567192 00MA 001 045 008661 33118 -7.729053 109.567192 000012 121 22.04
MA 001 045 008661 33070 -7.729053 109.567192 000012 121 22.04
MA 001 045 008661 33088 -7.729053 109.567192 000012 121 22.04
MA 001 045 008661 33062 -7.729053 109.567192 000012 121 22.04
MA 001 045 008661 33061 -7.729053 109.567192 000012 121 22.04
2.04
MA 001 045 008661 33026 -7.729053 109.567192 000012 121 22.04
2 121 22.04
MA 001 045 009053 32997 -7.730843 109.563423 000012 120 16.52
.87
11 32714 -7.731235 109.562568 000012 119 17.45
MA 001 045 009115 32704 -7.731262 109.562568 000012 119 17.45
MA 001 045 009115 32701 -7.731297 109.562538 000012 119 20.28
MA 001 045 009125 32665 -7.731383 2461 000012 119 24.45

24.45
MA 001 045 009129 32657 -7.731427 109.562408 000012 119 26.22
MA 001 045 009132 32631 -7.731468 109.562355 000012 119 27.13

MA 001 045 009135
MA 001 045 009139 32581 -7.731568 109.562171 000012 119 28.78
MA 001 045 009142 32562 -7.731568 109.562171 000012 119 28.78

MA 001 045 009145 32584 -7.731597 1MA 001 045 009148 32583 -7.731625 109.562042 000012 119 25.59

MA 001 045 009148 32565 -7.731625 109.562MA 001 045 009150 32546 -7.731653 109.561996 000012 119 22.87
MA 001 045 009157 32524 -7.731712 109.561920 000012 119 17.74
MA 001 045 009160 32508 -7.731745 109.561897 000012 119 16.93
MA 001 045 009163 32484 -7.731781 109.561866 000012 119 18.08
3 109.561622 000012 119 33.34

MA 001 045 009188 32391 -7.732131 109.561416 0000MA 001 0MA 001 045 009245 32129 -7.732822 109.560501 00MA 001 045 009257 32080 -7.733047 109.560317 000013 118 28.41
MA 001 045 009267 32033 -7.733158 109.560180 000013 118 20.67
MA 001 045 009270 32019 -7.733176 109.560134 000013 118 19.54
MA 001 045 009270 32014 -7.733176 109.560096 000013 118 17.28

MA 001 045 009273 32000 -7.733191 109.560096 000013 118 17.28
MA 001 045 009280 31964 -7.733227 109.560020 00109.560020 000013 118 17.28
7.28
MA 001 045 009280 31933 -7.733227 109.560020 000013 118 17.28
MA 001 045 009280 31897 -7.733227 109.560020 000013 118 17.28
MA 001 045 009280 31891 -7.733227 109.560020 000013 118 17.28
MA 001 045 009280 31884 -7.733227 109.560020 000013 118 17.28

MA 001 045 009280 31864 -7.733227 109.560020 000013 118 17.28
MA 001 045 009280 31858 -7.733227 109.560020 000013 118 17.28
0020 000013 118 17.28
31832 -7.733227 109.560020 000013 118 17.28

MA 001 045 009280 31832 -7.733227 109.560020 000013 118 17.28
MA 001 045 009280 31824 -7.733227 109.560020 000013 118 17.28
MA 001 045 009280 31823 -7.733227 109.560020 000013 118 17.28

MA 001 045 009280 31813 -7.733227 109.560020 000013 118 17.28
MA 001 045 009280 31785 -7.733227 109.560020 000013 118 17.28
MA 001 045 009325 31779 -7.733637 109.559455 000013 117 18.11
MA 001 045 009325 31776 -7.733637 109.559455 000013 117 18.11
001 045 009328 31775 -7.733652 109.559417 000013 117 14.96
MA 001 045 009328 31772 -7 117 13.15
MA 001 045 009334 31714 -7.733690 109.559371 000013 117 11.89
MA 001 045 009334 31709 -7.733690 109.559371 000013 117 11.89
MA 001 045 009338 31695 -7.733736 109.559326 000013 117 13.06
MA 001 045 009341 31697 -7.733736 109.559326 000013 117 13.06
MA 001 045 009346 31686 -7.733759 109.559303 000013 117 14.30
MA 001 045 009350 31654 -7.733782 109.559265 000013 117 16.87
MA 001 045 009350 31645 -7.733782 109.559265 000013 117 16.87
MA 001 045 009354 31630 -7.733805 109.559226 000013 117 18.63
MA 001 045 009363 31605 -7.733846 109.559127 000013 117 20.59
MA 001 045 009363 31596 -7.733865 109.559082 000013 117 19.43
MA 001 045 009368 31587 -7.733865 109.559082 000013 117 19.43
MA 001 045 009373 31558 -7.733882 109.559051 000013 117 15.82
MA 001 045 009378 31562 -7.733901 109.559020 000013 117 12.46
MA 001 045 009384 31511 -7.733917 109.558998 000013 117 10.17
MA 001 045 009406 31416 -7.733986 109.558929 000013 117 11.67
MA 001 045 009411 31401 -7.734004 109.558898 000013 117 15.02
MA 001 045 009417 31368 -7.734022 109.558860 000013 117 19.09
MA 001 045 009417 31365 -7.734022 109.558860 000013 117 19.09
MA 001 045 009423 31348 -7.7340MA 001 045 009429 31311 -7.734066 109.558746 000013 117 26.58
MA 001 045 009434 31287 -7.734095 109.558685 000013 117 28.98
MA 001 045 009445 31244 -7.734172 109.558555 000013 117 29.26
MA 001 045 009450 31240 -7.734217 109.558502 000013 117 29.26
MA 001 045 009450 31226 -7.734217 109.558502 000013 117 29.26
3 117 26.69
MA 001 045 009467 31164 -7.734422 109.558349 000013 11MA 001 045 009467 31155 -7.734473 109.558319 000013 117 MA 001 045 009471 31143 -7.734473 109.558319 000013 117 24.46
MA 001 045 009477 31114 -7.734571 109.558250 000013 117 23.89
MA 001 045 009477 31113 -7.734571 109.558250 000013 117 23.89
MA 001 045 009479 31106 -7.734618 109.558212 000013 117 22.87

MA 001 045 009482 31089 -7.734661 109.558181 000013 117 21.02
MA 001 045 009482 31098 -7.734661 109.558151 000013 117 18.93
MA 001 045 009484 31086 -7.734700 109.558151 000013 117 18.93
MA 001 045 009484 31087 -7.734735 109.558128 000013 117 16.67
00013 117 16.67
MA 001 045 009491 31051 -7.734767 109.558105 000013 117 14.24
MA 001 045 009495 31034 -7.734795 109.558090 000013 117 13.15
MA 001 045 009495 31031 -7.734795 109.558090 000013 117 13.15
MA 001 045 009.558074 000013 117 12.83
MA 001 045 009504 30997 -7.734847 109.558052 000013 117 13.20
MA 001 045 009514 30952 -7.734900 10MA 001 045 009530 30882 -7.734987 109.557868 0MA 001 045 009536 30855 -7.735022 109MA 001 045 009548 30800 -7.735095 109.557731 000013 116 23.96
A 001 045 009655 3035MA 001 045 009662 30310 -7.735993 109.556823 000013 116 09.28
MA 001 045 009674 30268 -7.736041 109.556747 000013 116 11.76
09.556678 000013 116 10.70
MA 001 045 009696 30176 -7.736184 109.556594 000013 116 14.96
 009699 30169 -7.736198 109.556556 0000 109.556556 000013 116 16.71
13 116 09.07
6

MA 001 045 009737 29998 -7.736306 109.556251 000013 116 08.28
228 000013 116 09.04
5 10.93
A 001 045 009762 298-7.736472 109.556098 000013 115 12.06
MA 001 045 009777 29820 -7.736479 109.555953 000013 115 14.67
115 06.04
MA 001 045 009800 29740 -7.736454 109.555854 000013 115 00.70
4 000013 115 04.96
MA 001 045 009815 29652 -7.736475 109.555854 000013 115 04.96
MA 001 045 009820 29643 -7.736489 109.555854 000013 115 06.32

MA 001 045 009820 29626 -7.736489 109.555847 000013 115 06.70
MA 001 045 009836 29568 -7.736522 109.555816 000013 115 05.82
MA 001 045 009847 29556 -7.736509 109.555786 000013 115 08.35
MA 001 045 009847 29535 -7.736509 109.555786 000013 115 08.35

MA 001 045 009852 29511 -7.736492 109.555763 000013 115 10.78
MA 001 045 009852 29490 -7.736492 109.555740 000013 115 12.6
MA 001 045 009856 29484 -7.736467 109.555740 000013 115 12.69

.555702 000013 115 12.65
5
MA 001 045 009870 29431 -7.736395 109.555686 000013 115 11.13
29417 -7.736360 109.555648 000013 115 08.07
MA 001 045 009881 29406 -7.736346 109.555633 000013 115 07.52
MA 001 045 009885 29389 -7.736322 109.555618 000013 115 04.48
MA 001 045 009891 29374 -7.736314 109.555618 000013 115 03.35
MA 001 045 009894 29363 -7.736305 109.555625 000013 115 03.52
25 000013 115 03.93
MA 001 045 009900 29326 -7.736289 109.555633 000013 115 02.98
MA 001 045 009903 29308 -7.736274 109.555625 000013 115 03.76
013 115 03.76
109.555610 000013 115 07.06
MA 001 045 009910 29284 -7.736268 109.555610 000013 115 07.06

MA 001 045 009919 29236 -7.736263 109.555557 000013 115 13.59
.736264 109.555519 000013 115 13.82
MA 001 045 009938 29147 -7.736281 109.555435 000013 115 09.50
MA 001 045 010251 27891 -7.735869 109.555015 000013 115MA 001 045 010257 27870 -7.735887 109.555000 000013 115 08.95
MA 001 0485 000013 115 08.00
844 -7.735898 109.554985 000013 115 08.00
9 000013 115 06.82
MA 001 045 010275 27795 -7.735898 109.554962 000013 115 04.70
MA 001 045 010325 27620 -7.735736 109.555061 000013 116 09.35
MA 001 045 010332 27590 -7.735691 109.555015 000013 116 15.85
MA 001 045 010332 27578 -7.735691 109.555015 000013 116 15.85
6 17.85
MA 001 045 010340 27552 -7.735639 109.554946 000013 116 17.83
MA 001 045 010340 27552 -7.735612 109.554908 000013 116 16.17
MA 001 045 010348 27527 -7.735589 109.554885 000013 116 13.56
MA 001 045 010348 27517 -7.735589 109.554885 000013 116 13.56
MA 001 045 010352 27515 -7.735568 109.554862 000013 116 10.48
MA 001 045 010357 27479 -7.735549 109.554855 000013 116 08.06
0013 116 08.06
MA 001 045 010361 27468 -7.735532 MA 001 045 010361 27481 -7.735532 109.554847 000013 116 06.59
MA 001 045 010365 27457 -7.735517 109.554847 000013 116 06.59
MA 001 045 010368 27406 -7.735500 109.554847 000013 116 06.46
MA 001 045 010372 27410 -7.735484 109.554840 000013 116 06.67
MA 001 045 010375 27397 -7.735469 109.554832 000013 116 07.50
MA 001 045 010375 27392 -7.735469 109.554832 000013 116 07.50
MA 001 045 010379 27382 -7.735457 109.554817 000013 116 08.54
M87 -7.735457 109.554817 000013 116 08.54
MA 001 045 010382 27386 -7.735445 109.554794 000013 116 10.30
MA 001 045 010382 27382 -7.735445 111.61
MA 001 045 010388 27368 -7.735432 109.554740 000013 116 11.04
MA 001 045 0013 116 11.04
MA 001 045 010396 27354 -7.735430 109.554687 000013 116 09.98
1 045 010403 27292 -7.735422 109.554649 000013 116 06.50
403 27301 -7.735422 109.554649 000013 119.554641 000013 116 06.87
MA 001 044 010408 27277 -7.735389 109.554634 000013 116 08.59
MA 001 045 010422 27227 -7.735334 109.554634 000013 116 11.83
MA 001 04649 000013 116 10.87
MA 001 045 010439 27144 -7.735253 109.554664 000013 116 06.43
MA 001 045 010450 27115 -7.735230 109.554672 000013 116 04.43
MA 001 045 010461 27091 -7.735236 109.554695 000013 116 06.02
MA 001 045 010461 27072 -7.735236 109.554695 000013 116 06.02
MA 001 045 010465 27057 -7.735248 109.554718 000013 116 08.19
MA 001 045 010470 27018 -7.735262 109.554733 000013 116 09.96
56 000013 116 10.54
MA 735302 109.554855 000013 116 07.00
MA 001 045 010568 26664 -7.735149 109.554801 000013 116 12.98
MA 001 045 010574 26642 -7.735125 109.554824 000013 116 13.76
MA 001 045 010594 2656 000013 116 08.41
MA 001 045 010600 26548 -7.735054 109.554916 000013 116 08.41
MA 001 044 010673 26266 -7.734871 109.554718 000013 116 06.59
MA 001 045 010680 26250 -7.734855 109.554687 000013 116 06.72
MA 001 044 010684 26237 -7.734847 109.554679 000013 116 06.50
76

MA 001 045 010690 26212 -7.734835 109.554649 000013 116 06.74
554634 000013 116 06.33
MA 001 044 010698 26182 -7.734836 109.554611 000013 116 05.74
MA 001 044 010698 26176 -7.734836 109.554611 000013 116 05.74
MA 001 045 010703 26146 -7.734842 109.554603 000013 116 05.19
MA 001 044 010708 26125 -7.734853 109.554595 000013 116 05.19MA 001 044 010713 26101 -7.734867 109.554595 000013 116 05.69
MA 001 045 010713 26096 -7.734882 109.554603 000013 116 06.56
MA 001109.5546MA 001 044 010730 26045 -7.734906 109.554626 000013 116 07.09
MA 001 045 010742 25999 -7.734910 109.554672 000013 116 07.37
MA 001 045 010742 25999 -7.734910 109.554MA 001 045 010748 20 000013 116 10.19

MA 001 044 010753 25957 -7.734865 109.554718 000013 116 10.57
MA 001 045 010772 25908 -7.734774 109.554733 000013 116 13.11

734742 109.554725 000013 116 13.00
MA 001 044 010780 25875 -7.734714 109.554710 000013 116 11.85
MA 13 116 07.95
MA 001 044 010801 25798 -7.734660 109.554618 000013 116 03.00
3 116 03.39
MA 001 045 010824 25691 -7.734578 109.554626 000013 116 09.35
MA 001 044 010846 25636 -7.734498 109.554634 000013 116 06.78
000013 116 06.3MA 001 045 010856 25579 -7.734467 109.554626 000013 116 06.26
MA 001 045 010856 25576 -7.734467 109.554626 000013 116 06.26
MA 001 044 010861 25589 -7.734452 109.554618 000013 116 07.04
MA 001 044 0113 116 08.04
109.554611 000013 116 08.04
.54
MA 001 044 010872 25523 -7.734398 109.554588 000013 116 09.57

MA 001 045 010881 25509 -7.734354 109.554573 000013 116 09.57
MA 001 044 010886 25464 -7.734332 109.554565 000013 116 08.93
MA 001 044 010891 25456 -7.734314 109.554565 000013 116 06.80
MA 001 044 010891 25444 -7.734302 10MA 0MA 001 044 010968 25160 -7.734305 109.554542 0MA 001 045 011048 24896 -7.734364 109.554664 000013 116 15.72
54634 000013 116 17.41
MA 000 150 011065 24844 -7.734481 109.554641 000013 116 17.50

MA 001 044 011081 24777 -7.734549 109.554740 000013 116 18.26
MA 001 044 011091 24744 -7.734521MA 001 044 011097 24710 -7.734495MA 001 044 011109 24669 -7.734457 109.554901 000013 116 07.83
MA 001 044 011122 24567 -7.734468 109.554916 000013 116 07.30
MA 001 044 011128 24588 -7.734497 109.554916 000013 116 12.45
MA 001 044 011141 24556 -7.734587 109.554916 000013 116 20.02
MA 001 044 011154 24509 -7.734680 109.554924 000013 116 17.26
MA 001 044 011218 24295 -7.734726 109.555068 000013 116 04.85
16 08.43
MA 001 044 011234 24228 -7.734741 109.554969 000013 116 12.04
MA 001 044 011238 24233 -7.734753 109.554939 000013 116 11.22
MA 001 044 011238 24220 -7.734753 109.554916 000013 116 09.43
MA 001 044 011245 24201 -7.734779 109.554908 000013 116 06.59
MA 001 044 011248 24198 -7.734791 109.5
830 109.554878 000013 116 05.85
16 06.13
6 07.22
MA 001 044 011268 24111 -7.734886 109.554824 000013 116 10.67

MA 001 044 011287 2.94
MA 001 044 011345 MA 001 044 011351 23818 -7.735115 109.554649 000013 116MA 001 044 0013 116 11.54
6 000013 116 17.52
MA 001 044 011376 23730 -7.735241 109.554656 000013 116 17.52
 109.554656 000013 116 20MA 001 044 011391 23713 -7.735392 109.554664 000013 116 19.89
MA 001 044 011396 23684 -7.735438 109.554672 000013 116 18.32
MA 001 044 011396 23662 -7.735438 109.554672 000013 116 18.32
MA 001 044 011399 23675 -7.735476 109.554695 000013 116 15.96

MA 001 044 011399 23679 -7.700013 116 13.85
000013 116 12.52
MA 001 043 011425 23582 -7.735490 109.554840 000013 116 04.22
MA 001 044 011441 23535 -7.735597 109.554840 000013 116 19.80
MA 001 044 011445 23524 -7.735597 109.554840 000013 116 19.80
MA 001 044 011449 23527 -7.735653 109.554855 000013 116 22.78
MA 001 043 011555 23152 -7.736419 109.554969 00001MA 001 043 011592 23038 -7.736501 1097 000013 115 03.72
MA 001 043 011601 22984 -7.736509 109.554840 000013 115 04.61
 000013 115 04.61
MA 001 043 011609 22956 -7.736499 109.554832 000013 115 06.02
MA 001 043 011613 22910 -7.73MA 001 043 011634 22875 -7.736526 109.554718 000013 115 17.33
MA 001 043 011652 22822 -7.736671 109.554634 000013 115 24.56
4 -7.736786 109.554618 000013 115 19.30
MA 001 043 011669 22765 -7.736879 109.554634 000013 115 16.91
MA 001 043 011675 22763 -7.736879 109.554634 000013 115 16.91
MA 001 043 011681 22752 -7.736915 109.554649 000013 115 14.37
MA 001 04364 000013 115 12.20
MA 001 043 011694 22661 -7.736963 109.554679 000013 115 09.93
MA 001 043 011701 22672 -7.736981 109.554687 000013 115 08.19
MA 001 043 011708 22633 -7.736997 109.554687 000013 111715 22643 -7.737013 109.554679 000013 115 07.61
MA 001 043 011722 22609 -7.737031 109.554664 000013 115 11.89
MA 001 043 011722 22583 -7.737053 109.554634 000013 115 17.26

MA 001 043 011
Port opened at 8/15/2014 10:18:31 AM
MA 001 041 012126 21271 -7.740949 109.551582 000013 113 24.43
MA 001 041 012126 21268 -7.740949 109.551582 000013 113 24.43
MA 001 041 012126 21212 -7.740949 109.551582 000013 113 24.43
MA 001 041 012126 21247 -7.740949 109.551582 000013 113 24.43
MA 001 041 012126 21203 -7.740949 109.551582 000013 113 24.43
MA 001 041 012126 21189 -7.740949 109.551582 000013 113 24.43
MA 001 041 012126 21205 -7.740949 109.551582 000013 113 24.43
MA 001 041 012126 21186 -7.740949 109.551582 000013 113 24.43
MA 001 041 012126 21186 -7.740949 109.551582 000013 113 24.43
MA 001 041 012126 21185 -7.740949 109.551582 000013 113 24.43
MA 001 040 012126 20911 -7.740949 109.551582 000013 113 24.43
MA 001 040 012126 20876 -7.740949 109.551582 000013 113 24.43
MA 001 040 012126 20799 -7.740949 109.551582 000013 113 24.43
MA 001 040 012126 20798 -7.740949 109.551582 000013 113 24.43
MA 001 040 012126 20522 -7.740949 109.551582 000013 113 24.43
MA 001 040 012126 20477 -7.740949 109.551582 000013 113 24.43
 24.43
MA 001 040 012126 20449 -7.740949 109.551582 000013 113 24.43
MA 001 040 012126 20376 -7.740949 109.551582 000013 113 24.43
MA 001 040 012126 209 109.551582 000013 113 24.43
MA 001 040 012126 20380 -7.740949 109.551582 000013 113 24.43
MA 001 040 012126 20363 -7.740949 109.551582 000013 113 24.43
MA 001109.551582 000013 113 24.43
6 18889 -7.740949 109.551582 000013 113 24.43
MA 001 041 012126 18857 -7.740949 109.551582 000013 113 24.43
0013 113 24.43
MA 001 041 012126 18840 -7.740949 109.551582 000MA 001 041 012126 18815 -7.740949 109.551582 00MA 001 041 012126 18597 -7.740949 109.551582 000013 113 24.43
 109.551582 000013 113 24.43
109.551582 000013 113 24.43
MA 001 041 012126 18543 -7.740949 109.55MA 001 041 012126 18515 -7.740949 109.551582 000013 113 24.43
MA 001 041 012126 18394 -7.740949 109.551582 000013 113 24.43
MA 001 041 012126 18385 -7.740949 109.551582 000013 113 24.43
MA 001 041 012126 18368 -7.740949 109.551582 000013 113 24.43
MA 001 041 012126 18319 -7.740949 109.551582 000013 113 24.43
MA 001 041 012126 18350 -7.740949 109.551582 000013 113 24.43
MA 001 041 012126 18310 -7.740949 109.551582 000013 113 24.43
MA 001 042 012126 18327 -7.740949 109.551582 000013 113 24.43
MA 001 042 012126 18195 -7.740949 109.551582 000013 113 24.43
MA 001 042 012126 18181 -7.740949 109.551582 000013 113 24.43
MA 001 042 012126 18158 -7.740949 109.551582 000013 113 24.43

MA 001 042 012126 18142 -7.740949 109.551582 000013 113 24.43
MA 001 042 012126 18117 -7.740949 109.551582 000013 113 24.43
MA 001 042 012126 18095 -7.740949 109.551582 000013 113 24.43
MA 001 042 012126 18097 -7.740949 109.551582 000013 113 24.43

MA 001 041 012126 17918 -7.740949 109.551582 000013 113 24.43
MA 001 041 012126 17928 -7.740949 109.551582 000013 113 24.43

MA 001 041 012126 17900 -7.740949 109.551582 000013 113 24.43
MA 001 041 012126 17906 -7.740949 109.551582 000013 113 24.43
MA 001 041 012126 17893 -7.740949 109.551582 000013 113 24.43
MA 001 041 012126 17859 -7.740949 109.551582 000013 113 24.43
MA 001 041 012126 17896 -7.740949 109.551582 000013 113 24.43
MA 001 041 012126 17846 -7.740949 109.551582 000013 113 24.43
MA 001 041 012126 17856 -7.740949 109.551582 000013 113 24.43

MA 001 041 012126 17865 -7.740949 109.551582 000013 113 24.43
MA 001 041 012126 17855 -7.740949 109.551582 000013 113 24.43
MA 001 041 012126 17842 -7.740949 109.551582 000013 113 24.43
MA 001 041 012126 17821 -7.740949 109.551582 000013 113 24.43
MA 001 041 012126 17806 -7.740949 109.551582 000013 113 24.43
2 -7.740949 109.551582 000013 113 24.43
MA 001 041 012126 17707 -7.740949 109.551582 000013 113 24.43
MA 001 041 012126 17698 -7.740949 109.551582 000013 113 24.43
MA 001 041 012126 17690 -7.740949 109.551582 000MA 001 041 012126 17658 -7.740949 109.551582 000013 113 24.43
MA 001 041 012126 17682 -7.740949 109.551582 000013 113 24.43
MA 001 041 012126 17631 -7.740949 109.551582 000013 113 24.43
MA 001 041 012126 17670 -7.740949 109.551582 000013 113 24.43
MA 001 041 012126 17650 -7.740949 109.551582 000013 113 24.43
MA 001 041 012126 17628 -7.740949 109.551582 000013 113 24.43
7.740949 109.551582 000013 113 24.43

MA 001 041 012126 17621 -7.740949 109.551582 000013 113 24.43
MA 001 041 012126 17604 -7.740949 109.551582 000013 113 24.43
MA 001 036 012126 17514 -7.740949 109.551582 000013 113 24.43

MA 001 042 012126 17497 -7.740949 109.551582 000013 113 24.43
MA 001 036 012126 17478 -7.740949 109.551582 000013 113 24.43
MA 001 036 012126 17470 -7.740949 109.551582 000013 113 24.43
MA 001 036 012126 17468 -7.740949 109.551582 000013 113 24.43
MA 001 036 012126 17437 -7.740949 109.551582 000013 113 24.43
MA 001 032 012126 17398 -7.740949 109.551582 000013 113 24.43
MA 001 032 012126 17368 -7.740949 109.551582 000013 113 24.43
MA 001 036 012126 17354 -7.740949 109.551582 000013 113 24.43
MA 001 036 012126 17360 -7.740949 109.551582 000013 113 24.43
MA 001 032 012126 17332 -7.740949 109.551582 000013 113 24.43
MA 001 033 012126 17177 -7.740949 109.551582 000013 113 24.43
MA 001 033 012126 17192 -7.740949 109.551582 000013 113 24.43
113 24.43
MA 001 033 012126 17162 -7.740949 109.551582 000013 113 24.43
MA 001 033 012126 17166 -7.740949 109.551582 000013 113 24.43
MA 001 033 012126 17140 -7.740949 109.551582 000013 113 24.43
MA 001 033 012126 17136 -7.740949 109.551582 000013 113 24.43
MA 060 006 012126 17132 -7.740949 109.551582 000013 113 24.43
MA 060 006 012126 17119 -7.740949 109.551582 MA 060 006 012126 17103 -7.740949 109.551582 000013 113 24.43
MA 060 006 012126 17115 -7.740949 109.551582 000013 113 24.43
MA 060 006 012126 17091 -7.740949 109.551582 000013 113 24.43
1582 000013 113 24.43

MA 060 005 012126 17092 -7.740949 109.551582 000013 113 24.43
MA 060 005 012126 17070 -7.740949 109.551582 000013 1149 109.551582 000013 113 24.43
MA 049 009 012126 17070 -7.740949 109.551582 000013 113 24.43
MA 060 005 012126 17059 -7.740949 109.551582 000013 11MA 048 010 012126 17044 -7.7413 113 24.43
26 16998 -7.740949 109.551582 000013 11349 109.551582 000013 113 24.43
MA 032 019 012126 16949 -7.76885 -7.740949 109.551582 000013 113 24.43
MA 021 0
Port opened at 8/15/2014 10:18:31 AM
MA 001 041 012126 21271 -7.740949 109.551582 000013 113 24.43
MA 001 041 012126 21268 -7.740949 109.551582 000013 113 24.43
MA 001 041 012126 21212 -7.740949 109.551582 000013 113 24.43
MA 001 041 012126 21247 -7.740949 109.551582 000013 113 24.43
MA 001 041 012126 21203 -7.740949 109.551582 000013 113 24.43
MA 001 041 012126 21189 -7.740949 109.551582 000013 113 24.43
MA 001 041 012126 21205 -7.740949 109.551582 000013 113 24.43
MA 001 041 012126 21186 -7.740949 109.551582 000013 113 24.43
MA 001 041 012126 21186 -7.740949 109.551582 000013 113 24.43
MA 001 041 012126 21185 -7.740949 109.551582 000013 113 24.43
MA 001 040 012126 20911 -7.740949 109.551582 000013 113 24.43
MA 001 040 012126 20876 -7.740949 109.551582 000013 113 24.43
MA 001 040 012126 20799 -7.740949 109.551582 000013 113 24.43
MA 001 040 012126 20798 -7.740949 109.551582 000013 113 24.43
MA 001 040 012126 20522 -7.740949 109.551582 000013 113 24.43
MA 001 040 012126 20477 -7.740949 109.551582 000013 113 24.43
 24.43
MA 001 040 012126 20449 -7.740949 109.551582 000013 113 24.43
MA 001 040 012126 20376 -7.740949 109.551582 000013 113 24.43
MA 001 040 012126 209 109.551582 000013 113 24.43
MA 001 040 012126 20380 -7.740949 109.551582 000013 113 24.43
MA 001 040 012126 20363 -7.740949 109.551582 000013 113 24.43
MA 001109.551582 000013 113 24.43
6 18889 -7.740949 109.551582 000013 113 24.43
MA 001 041 012126 18857 -7.740949 109.551582 000013 113 24.43
0013 113 24.43
MA 001 041 012126 18840 -7.740949 109.551582 000MA 001 041 012126 18815 -7.740949 109.551582 00MA 001 041 012126 18597 -7.740949 109.551582 000013 113 24.43
 109.551582 000013 113 24.43
109.551582 000013 113 24.43
MA 001 041 012126 18543 -7.740949 109.55MA 001 041 012126 18515 -7.740949 109.551582 000013 113 24.43
MA 001 041 012126 18394 -7.740949 109.551582 000013 113 24.43
MA 001 041 012126 18385 -7.740949 109.551582 000013 113 24.43
MA 001 041 012126 18368 -7.740949 109.551582 000013 113 24.43
MA 001 041 012126 18319 -7.740949 109.551582 000013 113 24.43
MA 001 041 012126 18350 -7.740949 109.551582 000013 113 24.43
MA 001 041 012126 18310 -7.740949 109.551582 000013 113 24.43
MA 001 042 012126 18327 -7.740949 109.551582 000013 113 24.43
MA 001 042 012126 18195 -7.740949 109.551582 000013 113 24.43
MA 001 042 012126 18181 -7.740949 109.551582 000013 113 24.43
MA 001 042 012126 18158 -7.740949 109.551582 000013 113 24.43

MA 001 042 012126 18142 -7.740949 109.551582 000013 113 24.43
MA 001 042 012126 18117 -7.740949 109.551582 000013 113 24.43
MA 001 042 012126 18095 -7.740949 109.551582 000013 113 24.43
MA 001 042 012126 18097 -7.740949 109.551582 000013 113 24.43

MA 001 041 012126 17918 -7.740949 109.551582 000013 113 24.43
MA 001 041 012126 17928 -7.740949 109.551582 000013 113 24.43

MA 001 041 012126 17900 -7.740949 109.551582 000013 113 24.43
MA 001 041 012126 17906 -7.740949 109.551582 000013 113 24.43
MA 001 041 012126 17893 -7.740949 109.551582 000013 113 24.43
MA 001 041 012126 17859 -7.740949 109.551582 000013 113 24.43
MA 001 041 012126 17896 -7.740949 109.551582 000013 113 24.43
MA 001 041 012126 17846 -7.740949 109.551582 000013 113 24.43
MA 001 041 012126 17856 -7.740949 109.551582 000013 113 24.43

MA 001 041 012126 17865 -7.740949 109.551582 000013 113 24.43
MA 001 041 012126 17855 -7.740949 109.551582 000013 113 24.43
MA 001 041 012126 17842 -7.740949 109.551582 000013 113 24.43
MA 001 041 012126 17821 -7.740949 109.551582 000013 113 24.43
MA 001 041 012126 17806 -7.740949 109.551582 000013 113 24.43
2 -7.740949 109.551582 000013 113 24.43
MA 001 041 012126 17707 -7.740949 109.551582 000013 113 24.43
MA 001 041 012126 17698 -7.740949 109.551582 000013 113 24.43
MA 001 041 012126 17690 -7.740949 109.551582 000MA 001 041 012126 17658 -7.740949 109.551582 000013 113 24.43
MA 001 041 012126 17682 -7.740949 109.551582 000013 113 24.43
MA 001 041 012126 17631 -7.740949 109.551582 000013 113 24.43
MA 001 041 012126 17670 -7.740949 109.551582 000013 113 24.43
MA 001 041 012126 17650 -7.740949 109.551582 000013 113 24.43
MA 001 041 012126 17628 -7.740949 109.551582 000013 113 24.43
7.740949 109.551582 000013 113 24.43

MA 001 041 012126 17621 -7.740949 109.551582 000013 113 24.43
MA 001 041 012126 17604 -7.740949 109.551582 000013 113 24.43
MA 001 036 012126 17514 -7.740949 109.551582 000013 113 24.43

MA 001 042 012126 17497 -7.740949 109.551582 000013 113 24.43
MA 001 036 012126 17478 -7.740949 109.551582 000013 113 24.43
MA 001 036 012126 17470 -7.740949 109.551582 000013 113 24.43
MA 001 036 012126 17468 -7.740949 109.551582 000013 113 24.43
MA 001 036 012126 17437 -7.740949 109.551582 000013 113 24.43
MA 001 032 012126 17398 -7.740949 109.551582 000013 113 24.43
MA 001 032 012126 17368 -7.740949 109.551582 000013 113 24.43
MA 001 036 012126 17354 -7.740949 109.551582 000013 113 24.43
MA 001 036 012126 17360 -7.740949 109.551582 000013 113 24.43
MA 001 032 012126 17332 -7.740949 109.551582 000013 113 24.43
MA 001 033 012126 17177 -7.740949 109.551582 000013 113 24.43
MA 001 033 012126 17192 -7.740949 109.551582 000013 113 24.43
113 24.43
MA 001 033 012126 17162 -7.740949 109.551582 000013 113 24.43
MA 001 033 012126 17166 -7.740949 109.551582 000013 113 24.43
MA 001 033 012126 17140 -7.740949 109.551582 000013 113 24.43
MA 001 033 012126 17136 -7.740949 109.551582 000013 113 24.43
MA 060 006 012126 17132 -7.740949 109.551582 000013 113 24.43
MA 060 006 012126 17119 -7.740949 109.551582 MA 060 006 012126 17103 -7.740949 109.551582 000013 113 24.43
MA 060 006 012126 17115 -7.740949 109.551582 000013 113 24.43
MA 060 006 012126 17091 -7.740949 109.551582 000013 113 24.43
1582 000013 113 24.43

MA 060 005 012126 17092 -7.740949 109.551582 000013 113 24.43
MA 060 005 012126 17070 -7.740949 109.551582 000013 1149 109.551582 000013 113 24.43
MA 049 009 012126 17070 -7.740949 109.551582 000013 113 24.43
MA 060 005 012126 17059 -7.740949 109.551582 000013 11MA 048 010 012126 17044 -7.7413 113 24.43
26 16998 -7.740949 109.551582 000013 11349 109.551582 000013 113 24.43
MA 032 019 012126 16949 -7.76885 -7.740949 109.551582 000013 113 24.43
MA 021 0MA 001 038 012126 16267 -7.740949 109.551582 000013 113 24.43
MA 001 038 012126 16256 -7.740949 109.551582 000013 113 24.43
MA 001 038 012126 16231 -7.740949 109.551582 000013 113 24.43
MA 001 039 012126 16228 -7.740949 109.551582 000013 113 24.43
MA 001 039 012126 16218 -7.740949 109.551582 000013 113 24.43
MA 001 038 012126 16241 -7.740949 109.551582 000013 113 24.43
MA 001 038 012126 16217 -7.740949 109.551582 000013 113 24.43
3 24.43
MA 001 039 012126 16194 -7.740949 109.551582 000013 113 24.43
MA 001 039 012126 16148 -7.740949 109.551582 000013 113 24.43
MA 001 039 012126 16114 -7.740949 109.551582 000013 113 24.43

MA 001 040 012126 16110 -7.740949 109.551582 000013 113 24.43
MA 001 040 012126 16116 -7.740949 109.551582 000013 113 24.43
MA 001 039 012126 16114 -7.740949 109.551582 000013 113 24.43
MA 001 039 012126 16119 -7.740949 109.551582MA 001 040 012126 16107 -7.740949 109.551582 000013 113 24.43
MA 001 040 012126 16105 -7.740949 109.551582 000013 113 24.43
MA 001 040 012126 16092 -7.740949 109.551MA 001 040 012126 16063 -7.740949 109.551582 000013 113 24.43
13 113 24MA 001 040 012126 16021 -7.740949 109.551582 000013 113 24.43
MA 001 039 012126 15991 -7.740949 109.551582 000013 113 24.43
740949 109.551582 000013 113 24.43
126 15911 -7.740949 109.551582 000013 113 24.43
MA 001 039 012126 15872 -7.740949 109.551582 000013 113 24.43
MA 001 040 012126 15826 -7.740949 109.551582 000013 113 24.43
MA 000 147 012126 15806 -7.740949 109.551582 000013 113 24.43
MA 001 040 012126 15791 -7.740949 109.551582 000013 113 24.43
MA 001 034 012126 15393 -7.740949 109.551582 000013 113 24.43
MA 001 034 012126 15389 -7.740949 109.551582 000013 113 24.43
MA 001 034 012126 15359 -7.740949 109.551582 000013 113 24.43
MA 001 034 012126 15373 -7.740949 109.551582 000013 113 24.43
MA 001 MA 001 021 012126 15197 -7.740949 109.551582 000013 113 24.43
MA 001 021 012126 15159 -7.740949 109.551582 000013 113 24.43
MA 001 021 012126 15158 -7.740949 109.551582 000013 113 24.43
MA 001 021 012126 15149 -7.740949 109.551582 000013 113 24.43
MA 001 021 012126 15132 -7.740949 109.551582 000013 113 24.43
MA 001 021 012126 15141 -7.740949 109.551582 000013 113 24.43
MA 001 021 012126 15137 -7.740949 109.551582 000013 113 24.43

MA 001 021 012126 15117 -7.740949 109.551582 000013 113 24.43
MA 001 021 012126 15114 -7.740949 109.551582 000013 113 24.43
49 109.551582 000013 113 24.43
MA 001MA 001 021 012126 15107 -7.74MA 0MA 001 021 012126 15090 -7.740949 109.551582 000013 113 24.43
00013 113 24.43
MA 001 021 012126 14966 -7.740949 109.551582 000013 113 24.43
61 -7.740949 109.551582 000013 113 24.43
MA 001 021 012126 14951 -7.740949 109.551582 000013 113 24.43
MA 001 021 012126 14939 -7.740949 109.551582 000013 113 24.43
MA 001 021 012126 14951 -7.740949 109.551582 000013 113 24.43
MA 001 021 012126 14949 -7.740949 109.551582 000013 113 24.43
MA 001 021 012126 14790 -7.740949 109.551582 000013 113 24.43
MA 001 021 012126 14758 -7.740949 109.551582 000013 113 24.43
.551582 000013 MA 001 021 012126 14753 -7.740949 109.551582 000013 113 24.43
09.551582 000013 113 24.43
MA 001 021 012126 14737 -7.740949 109.551582 000013 113 24.43
MA 001 022 012126 14702 -7.740949 109.551582 000013 113 24.43
MA 001 022 012126 14678 -7.740949 109.551582 000013 113 24.43
1582 000013 113 24.43
MA 001 024 012126MA 001 021 012126 14657 -7.740949 109.551582 000013 113 24.43
 14634 -7.740949 109.551582 000013 113 24.43
MA 001 021 012126 14624 -7.740949 109.551582 MA 001 021 012126 14648 -7.740949 109.551582 000MA 001 021 012126 14634 -7.740949 109.551582 000013 113 24.43
Port opened at 8/15/2014 10:30:42 AM
MA 001 024 012126 14483 -7.740949 109.551582 000013 113 24.43
24.43
MA 001 027 012126 14470 -7.740949 109.551582 000013  113 24.43
1 -7.740949 109.551582 000013 113 24.43
MA 001 021 012126 14431 -7.740949 109.551582 000013 113 24.43
MA 001 024 012126 14397 -7.740949 109.551582 000013 113 24.43
MA 001 024 012126 14408 -7.740949 109.551582 000013 113 24.43
MA 001 023 012126 14402 -7.740949 109.551582 000013 113 24.43

MA 001 023 012126 14362 -7.740949 109.551582 000013 113 24.43
MA 001 021 012126 14373 -7.740949 109.551582 000013 113 24.43
MA 001 021 012126 14346 -7.740949 109MA 001 021 012126 14345 -7.740949 109.551582 00001MA 001 024 012126 14362 -7.740949 109.551582 000013 113 24.43
MA 001 021 012126 14261 -7.740949 109.551582 000013 113 24.43
MA 001 025 012126 14260 -7.740949 109.551582 000013 113 24.43
MA 001 025 012126 14234 -7.740949 109.551582 000013 113 24.43
MA 001 024 012126 14246 -7.740949 109.551582 000013 113 24.43
MA 001 024 012126 14241 -7.740949 109.551582 000013 113 24.43
MA 001 024 012126 14233 -7.740949 109.551582 000013 113 24.43
MA 001 024 012126 14236 -7.740949 109.551582 000013 113 24.43
MA 001 024 012126 14225 -7.740949 109.551582 000013 113 24.43
9.551582 000013 113 24.43
012126 14217 -7.740949 109.551582 000013 113 24.43
MA 001 029 012126 14167 -7.740949 109.551582 000013 113 24.43
MA 001 027 012126 14168 -7.740949 109.551582 000013 113 24.43
51582 000013 113 24.43
MA 001 029 012126 14194 -7.740949 109.551582 000013 113 24.43
013 113 24.43
109.551582 000013 113 24.43
0013 113 24.43
MA 001 026 012126 14072 -7.740949 109.551582 000013 113 24.43
MA 001 026 012126 14080 -7.740949 109.551582 000013MA 001 028 012126 14064 -7.740949 109.551582 000013 113 24.43
MA 001 028 012126 14050 -7.740949 109.551582 000013 113 24.43
.740949 0.000000 012279 095 24.43
MA 001 025 000005 14039 7.740949 0.000000 012279 095 24.43
MA 001 025 000005 14035 000005 14022 7.740949 0.000000 012279 095 24.43
22 000005 13973 7.740949 0.00000MA 001 022 000005 13963 7.740949 0.000000 012279 095 24.43
012279 095 24.43
MA 001 021 000005 13860 7.740949 0.000000 012279 095 2MA 001 021 000005 13831 7.740949 0.000000 012279 095 24.43
MA 001 029 000005 13829 7.740949 0.000000 012279 095 24.43
MA 001 021 000005 13823 7.740949 0.000000 012279 095 24.43
MA 001 021 000005 13833 7.740949 0.000000 012279 095 24.43
MA 001 021 000005 13825 7.740949 0.000000 012279 095 24.43
MA 001 021 000005 13803 7.740949 0.000000 012279 095 24.43
MA 001 021 000005 13803 7.740949 0.000000 012279 095 24.43
MA 001 021 000005 13789 7.740949 0.000000 012279 095 24.43
MA 001 021 000005 13780 7.740949 0.000000 012279 095 24.43
MA 001 028 000005 13781 7.740949 0.000000 012279 095 24.43
MA 001 026 000005 13765 7.740949 0.000000 012279 095 24.43
095 24.43
740949 0.000000 012279 095 24.43
MA 001 027 000005 13695 7.740949 0.000000 012279 095 24.43
MA 001 021 000005 13687 7.740949 0.000000 012279 095 24.43
MA 001 024 000005 13711 7.740949 0.000000MA 001 024 000005 13693 7.740949 0.000000 012279 095 24.43
000000 012279 095 24.43
MA 001 021 000005 13631 7.740949 0.000000 012279 095 24.43
MA 001 021 000005 13604 7.740949 0.000000 012279 095 24.43
MA 001 022 000005 13614 7.740949 0.000000 012279 095 24.43
MA 001 022 000005 13602 7.740949 0.000000 012279 095 24.MA 001 021 000005 13597 7.740949 0.000000 012279 095 24.43
MA 001 022 000005 13597 7.740949 0.000000 012279 095 24.43
MA 001 022 000005 13609 7.740949 0.000000 012279 095 24.4MA 001 026 000005 13597 7.740949 0.000000 012279 095 24.43
MA 001 024 000005 13587 7.740949 0.000000 012279 095 24.43
MA 001 024 000005 13596 7.740949 0.000000 012279 095 24.43
MA 001 024 000005 13568 7.740949 0.000000 012279 095 24.43
MA 001 031 000005 13539 7.740949 0.0000MA 001 030 000005 13499 7.740949 0.000000 012279 095 24.43
MA 001 030 000005 13498 7.740949 0.000000 012279 095 24.43
012279 095 24.43
MA 001 021 000005 13491 7.740949 0.000000 012279 095 24.43
MA 001 027 000005 13472 7.740949 0.000000 012279 095 24.43
MA 001 023 000005 13457 7.740949 0.000000 012279 095 24.43
MA 001 023 000005 13479 7.740949 0.000000 012279 095 24.43
MA 001 031 000005 13466 7.740949 0.000000 012279 095 24.43
3
MA 001 021 000005 13178 7.740949 0.000000 012279 095 24.43
MA 001 021 000005 13152 7.740949 0.000000 012279 095 24MA 001 021 000005 13160 7.740949 0.000000 012279 095 24.43
MA 001 021 000005 13159 7.740949 0.000000 012279 095 24.43
MA 001 021 000005 1315 24.43
MA 001 021 000005 13140 7.740949 0.000000 012279 095 24.43
MA 001 021 000005 13119 7.740949 0.000000 012279 095 24.43
16 7.740949 0.000000 012279 095 24.43
MA 001 021 000005 12997 7.740949 0.000000 012279 095 24.43
MA 001 021 000005 12999 7.740949 0.000000 012279 095 24.43
MA 001 021 000005 12991 7.740949 0.000000 012279 095 24.43
MA 001 021 000005 12981 7.740949 0.000000 012279 095 24.43
MA 001 021 000005 12981 7.740949 0.000000 012279 095 24.43
MA 001 021 000005 12994 7.740949 0.000000 012279 095 24.43

MA 001 021 000005 12992 7.740949 0.000000 012279 095 24.43
MA 001 021 000005 12980 7.740949 0.000000 012279 095 24.43
95 24.43
MA 001 021 000005 12908 7.740949 0.000000 012279 095 24.43
MA 001 021 000005.000000 012279 095 24.43
MA 001 021 000005 12914 7.740949 0.000000 012279 095 24.43
MA 001 021 000005 12912 7.740949 0.000000 012279 095 24.43
MA 001 021 000005 12894 7.740949 0.000000 012279 095 24.43
MA 001 021 000005 12888 7.740949 0.000000 012279 095 24.43
000000 012279 095 24.43
MA 030 007 000005 12875 7.740949 0.000000 012279 095 24.43
MA 030 007 000005 12864 7.740949 0.000000 012279 095 24.43
MA 001 021 000005 12859 7.740949 0.000000 012279 095 24.43
MA 001 021 000005 12829 7.740949 0.000000 012279 095 24.43
MA 001 022 000005 12827 7.740949 0.000000 012279 095 24.43
MA 001 022 000005 12836 7.740949 0.000000 012279 095 24.43
MA 001 022 000005 12817 7.740949 0.000000 012279 095 24.43
 24.43
40949 0.000000 012279 095 24.43
MA 40949 0.000000 012279 095 24.43
MA 001 021 000005 12801 7.740949 0.000000 012279 095 24.43

MA 001 021 000005 12779 7.740949 0.000000 012279 095 24.43
MA 001 021 000005 12758 7.740949 0.000000 012279 095 24.43
MA 001 021 000005 12753 7.740949 0.000000 MA 001 021 000005 12771 7.740949 0.000000 012279 095 24.43
MA 001 021 000005 12736 7.740949 0.000000 012279 095 24.43
MA 001 021 000005 12725 7.740949 0.000000 012279 095 24.43
MA 001 021 000005 12672 7.740949 0.000000 012279 095 24.43
MA 001 021 000005 12672 7.740949 0.000000 012279 095MA 001 021 000005 12631 7.740949 0.000000 012279 095 24.43
MA 001 021 000005 12613 7.740949 0.000000 012279 095 24.43
MA 001 021 000005 12595 7.740949 0.000000 012279 095 24.43
MA 001 021 000005 12620 7.740949 0.000000 012279 095 24.43
MA 001 021 000005 12598 7.740949 0.000000 012279 095 24.43
MA 001 021 000005 12613 7.740949 0.000000 012279 095 24.43
MA 001 021 000005 1MA 001 021 000005 12592 7.740949 0.000000 012279 095 24.43
MA 001 024 000005 12522 7.740949 0.000000 012279 095 24.43
MA 001 030 000005 12550 7.740949 0.000000 012279 095 24.43
MA 001 030 000005 12529 7.740949 0.000000 012279 095 24.43
000000 012279 095 24.43
MA 001 021 000005 12390 7.740949 0.000000 012279 095 24.43
43
MA 001 021 000005 12359 7.740949 0.000000 012279 095 24.43
MA 024 010 000005 12372 7.740949 0.000000 012279 095 24.43
MA 024 010 000005 12350 7.740949 0.000000 012279 095 24.43
MA 001 021 000005 12312 7.740949 0.000000 012279 095 24.43
MA 001 021 000005 12289 7.740949 0.000000 012279 095 24.43
MA 001 021 000005 12263MA 001 021 0 095 24.43

MA 001 021 000005 12259 7.740949 0.000000 012279 095 24.43
MA 001 021 000005 12243 7.740949 0.000000 012279 095 24.43
MA 001 021 000005 12253 7.740949 0.000000 012279 095 24.43
MA 001 021 000005 12247 7.740949 0.000000 012279 095 24.43
MA 001 021 000005 12259 7.740949 0.000000 012279 095 24.43
MA 001 021 000005 12223 7.740949 0.000000 012279 095 24.43
MA 001 021 000005 12070 7.740949 0.000000 012279 095 24.43
MA 001 021 000005 12081 7.740949 0.000000 012279 095 24.43
MA 001 021 000005 12040 7.740949 0.000000 012279 095 24.43
MA 001 021 000005 11955 7.740949 0.000000 012279940 7.740949 0.000000 012279 095 24.43
MA 001 021 000005 119MA 001 021 000005 11832 7.740949 0.000000 012279 095 24.43
279 095 24.43
 0.000000 012279 095 24.43
MA 001 021 000005 11719 7.740949 0.000000 012279 095 24.43

MA 0MA 001 021 000005 11738 7.740949 0.000000 012279 095 24.43
0 012279 095 24.43
 11681 7.740949 0.000000 012279 095 24.43
MA 001 022 000005 11545 7.740949 0.000000 012279 095 24.43
 012279MA 001 021 000005 11570 7.740949 0.000000 012279 095 24.43

MA 001 021 000005 11524 7.740949 0.000000 012279 095 24.43
MA 001 021 000005 11493 7.740949 0.000000 012279 095 24.43
MA 001 021 000005 11479 7.740949 0.000000 012279 095 24.43
5 24.43
MA 001 021 000005 11491 7.9 095 24.43
MA 001 021 000005 11475 7.740949 0.000000 01227MA 001 021 000005 11462 7.740949 0.000000 012279 095 24.43
MA 001 021 000005 11480 7.740949 0.000000 012279 095 24.43
MA 001 021 000005 11459 7.740949 0.000000 012279 095 24.43
MA 001 021 000005 11447 7.740949 0.000000 012279 095 24.43
MA 001 021 000005 11454 7.740949 0.000000 012279 095 24.43
MA 001 021 000005 11449 7.740949 0.000000 012279 12279 095 24.43
MA 001 021 000005 11417 7.740949 0.000000 012279 095 24.43
MA 001 021 000005 11371 7.740949 0.000000 012279 095 24.43
MA 001 021 000005 11367 7.740949 0.000000 012279 095 24.43
MA 001 021 000005 11385 7.740949 0.000000 012279 095 24.43
43
MA 001 021 000005 11350 7.740949 0.000000 012279 095 24.43
MA 001 021 000005 11348 7.740949 0.000000 012279 095 24.43
MA 001 021 000005 11328 7.740949 0.0MA 001 021 000005 11331 7.740949 0.000000 012279 MA 001 021 000005 11354 7.740949 0.0MA 001 021 000005 11347 7.740949 0.000000 012279 095 24.43
MA 001 021 000005 11335 7.740949 0.000000 01227MA 001 021 000005 11300 7.740949 0.000000 012279 095 24.43
MA 001 021 000005 11254 7.740949 0.000000 012279 095 24.43
001 021 000005 11232 7.740949 0.000000 01227MA 001 021 000005 11232 7.740949 0.000000 0122MA 001 021 000005 11222 7.740949 0.000000 012279 095 24.43
5 24.43
MA 001 021 000005 11222 7.740949 0.000000 012279 095 24.43
 095 24.43
MA 008 018 000005 11198 7.740949 0.000000 012279 095 24.43
1 000005 11192 7.740949 0.000000MA 001 021 000005 11202 7.740949 0.000000 012279 095 24.43
MA 001 021 000005 11209 7.740949 0.000000 012279 095 24.43
24.43
MA 001 021 000005 11179 7.740949 0.000000 012279 095 24.43
MA 001 021 000005 11180 7.740949 0.000000 012279 095 24.43
MA 001 021 000005 10338 7.740949 0.000000 012279 095 24.43
000000 012279 095 24.43
MA 001 021 000005 10270 7.7MA 001 021 000005 10194 7.740949 0.000000 012279 095 24.43
MA 001 021 000005 10157 7.740949 0.000000 012279 095 24.43
