Port opened at 8/15/2014 7:55:10 AM
MA 028 062 000022 101355 -7.788437 109.664855 000000 204 01.22
MA 028 063 000022 101363 -7.788440 109.664871 000000 209 03.67
MA 028 062 000023 101355 -7.788440 109.664871 000000 209 03.67
MA 028 062 000023 101363 -7.788439 109.664871 000000 209 00.70
MA 028 062 000023 101356 -7.788439 109.664871 000000 209 00.70
MA 028 062 000023 101363 -7.788435 109.664855 000000 203 05.15
MA 028 062 000023 101358 -7.788435 109.664855 000000 203 05.15
MA 028 062 000023 101360 -7.788434 109.664848 000000 200 02.63
MA 028 062 000023 101358 -7.788434 109.664848 000000 200 02.63
MA 028 061 000023 101356 -7.788433 109.664848 000000 200 00.44
MA 028 061 000023 101351 -7.788433 109.664848 000000 200 00.44
MA 028 061 000024 101355 -7.788431 109.664840 000000 197 02.37
MA 028 061 000024 101358 -7.788431 109.664833 000000 194 01.74
MA 028 061 000024 101358 -7.788428 109.664833 000000 194 01.74
MA 028 061 000024 101351 -7.788427 109.664825 000000 191 01.72
MA 028 061 000024 101355 -7.788427 109.664825 000000 191 01.72
MA 028 061 000023 101351 -7.788428 109.664817 000000 188 02.72
MA 028 061 000023 101371 -7.788428 109.664817 000000 188 02.72
MA 028 061 000023 101356 -7.788428 109.664817 000000 188 01.19
MA 028 061 000023 101371 -7.788428 109.664817 000000 188 01.19
MA 028 061 000023 101363 -7.788425 109.664810 000000 185 02.96
MA 028 061 000023 101365 -7.788425 109.664810 000000 185 02.96
MA 028 061 000023 101346 -7.788424 109.664802 000000 182 01.44
MA 028 061 000023 101356 -7.788424 109.664802 000000 182 01.44
MA 028 061 000022 101356 -7.788420 109.664794 000000 180 01.54
MA 028 061 000022 101355 -7.788418 109.664787 000000 177 01.72
MA 028 061 000022 101351 -7.788418 109.664787 000000 177 01.72
MA 028 061 000022 101358 -7.788418 109.664787 000000 177 02.02
MA 028 061 000022 101358 -7.788418 109.664787 000000 177 02.02
MA 028 060 000021 101356 -7.788420 109.664802 000000 182 00.46
MA 028 060 000021 101361 -7.788420 109.664802 000000 182 00.46
MA 028 060 000022 101361 -7.788428 109.664833 000000 194 00.69
MA 028 060 000022 101358 -7.788428 109.664833 000000 194 00.69
MA 028 060 000023 101365 -7.788434 109.664848 000000 200 00.67

MA 028 060 000023 101358 -7.788434 109.664848 000000 200 00.67
MA 028 060 000024 101358 -7.788438 109.664855 000000 203 00.74
MA 028 060 000024 101355 -7.788440 109.664863 000000 206 00.26
MA 028 060 000024 101358 -7.788440 109.664863 000000 206 00.26
MA 028 060 000024 101365 -7.788440 109.664863 000000 206 00.26
MA 028 060 000024 101358 -7.788440 109.664863 000000 206 00.26
MA 028 060 000024 101372 -7.788438 109.664855 000000 203 00.98
MA 028 060 000024 101356 -7.788438 109.664855 000000 203 00.98
MA 028 060 000024 101361 -7.788436 109.664855 000000 203 00.43
MA 028 060 000024 101356 -7.788436 109.664855 000000 203 00.43
MA 028 060 000024 101361 -7.788436 109.664855 000000 203 00.72
MA 028 060 000024 101372 -7.788436 109.664855 000000 203 00.72
MA 028 060 000024 101372 -7.788436 109.664855 000000 203 00.56
MA 028 060 000024 101361 -7.788436 109.664855 000000 203 01.09
MA 028 060 000024 101361 -7.788435 109.664855 000000 203 01.09
MA 028 060 000024 101361 -7.788437 109.664855 000000 203 01.00
MA 028 060 000024 101360 -7.788437 109.664855 000000 203 01.00
MA 028 060 000024 101370 -7.788437 109.664855 000000 203 00.19
MA 028 060 000024 101358 -7.788437 109.664855 000000 203 00.19
MA 028 060 000025 101363 -7.788438 109.664855 000000 203 01.19
MA 028 060 000025 101360 -7.788438 109.664855 000000 203 01.19
MA 028 060 000025 101358 -7.788438 109.664855 000000 203 01.24
MA 028 060 000025 101357 -7.788438 109.664855 000000 203 01.24
MA 028 060 000025 101358 -7.788437 109.664848 000000 200 01.59

MA 028 060 000025 101362 -7.788437 109.664848 000000 200 00.61
MA 028 060 000025 101363 -7.788436 109.664848 000000 200 00.61

MA 028 060 000025 101363 -7.788436 109.664848 000000 200 00.59
MA 028 060 000026 101363 -7.788436 109.664848 000000 200 00.59
MA 028 060 000026 101365 -7.788438 109.664848 000000 201 01.22
MA 028 060 000026 101370 -7.788438 109.664848 000000 201 01.22
MA 028 060 000026 101367 -7.788438 109.664848 000000 201 00.89
MA 029 058 000026 101360 -7.788438 109.664848 000000 201 00.89
MA 028 059 000027 101357 -7.788437 109.664840 000000 198 00.96
MA 028 059 000027 101358 -7.788437 109.664840 000000 198 00.96
MA 028 059 000028 101368 -7.788437 109.664840 000000 198 01.89
MA 028 059 000028 101373 -7.788437 109.664840 000000 198 01.89
MA 028 059 000028 101365 -7.788437 109.664840 000000 198 01.57
MA 028 059 000028 101357 -7.788438 109.664840 000000 198 01.11
MA 028 059 000028 101365 -7.788438 109.664840 000000 198 01.11
MA 028 059 000028 101357 -7.788437 109.664840 000000 198 01.13
MA 028 059 000028 101367 -7.788437 109.664840 000000 198 01.13
MA 029 058 000028 101363 -7.788437 109.664833 000000 195 02.24
MA 028 059 000028 101375 -7.788437 109.664833 000000 195 02.24
MA 029 058 000028 101362 -7.788437 109.664833 000000 195 01.94
MA 028 059 000028 101360 -7.788437 109.664833 000000 195 01.94
MA 029 058 000028 101365 -7.788439 109.664833 000000 195 02.33
MA 028 059 000028 101365 -7.788439 109.664833 000000 195 02.33
MA 028 059 000027 101365 -7.788440 109.664833 000000 195 01.72
MA 028 059 000027 101362 -7.788441 109.664833 000000 195 00.50
MA 029 058 000028 101370 -7.788441 109.664833 000000 195 00.50
